TEFF   5250.  GRAVITY 0.00000 LTE 
TITLE  [+0.5] VTURB=2  L/H=1.25 NOVER NEW ODF                                   
 OPACITY IFOP 1 1 1 1 1 1 1 1 1 1 1 1 1 0 1 0 0 0 0 0
 CONVECTION ON   1.25 TURBULENCE OFF  0.00  0.00  0.00  0.00
ABUNDANCE SCALE   3.16228 ABUNDANCE CHANGE 1 0.91790 2 0.07810
 ABUNDANCE CHANGE  3 -10.94  4 -10.64  5  -9.49  6  -3.52  7  -4.12  8  -3.21
 ABUNDANCE CHANGE  9  -7.48 10  -3.96 11  -5.71 12  -4.46 13  -5.57 14  -4.49
 ABUNDANCE CHANGE 15  -6.59 16  -4.71 17  -6.54 18  -5.64 19  -6.92 20  -5.68
 ABUNDANCE CHANGE 21  -8.87 22  -7.02 23  -8.04 24  -6.37 25  -6.65 26  -4.54
 ABUNDANCE CHANGE 27  -7.12 28  -5.79 29  -7.83 30  -7.44 31  -9.16 32  -8.63
 ABUNDANCE CHANGE 33  -9.67 34  -8.63 35  -9.41 36  -8.73 37  -9.44 38  -9.07
 ABUNDANCE CHANGE 39  -9.80 40  -9.44 41 -10.62 42 -10.12 43 -20.00 44 -10.20
 ABUNDANCE CHANGE 45 -10.92 46 -10.35 47 -11.10 48 -10.27 49 -10.38 50 -10.04
 ABUNDANCE CHANGE 51 -11.04 52  -9.80 53 -10.53 54  -9.87 55 -10.91 56  -9.91
 ABUNDANCE CHANGE 57 -10.87 58 -10.46 59 -11.33 60 -10.54 61 -20.00 62 -11.03
 ABUNDANCE CHANGE 63 -11.53 64 -10.92 65 -11.69 66 -10.90 67 -11.78 68 -11.11
 ABUNDANCE CHANGE 69 -12.04 70 -10.96 71 -11.98 72 -11.16 73 -12.17 74 -10.93
 ABUNDANCE CHANGE 75 -11.76 76 -10.59 77 -10.69 78 -10.24 79 -11.03 80 -10.91
 ABUNDANCE CHANGE 81 -11.14 82 -10.09 83 -11.33 84 -20.00 85 -20.00 86 -20.00
 ABUNDANCE CHANGE 87 -20.00 88 -20.00 89 -20.00 90 -11.95 91 -20.00 92 -12.54
 ABUNDANCE CHANGE 93 -20.00 94 -20.00 95 -20.00 96 -20.00 97 -20.00 98 -20.00
 ABUNDANCE CHANGE 99 -20.00
READ DECK6 72 RHOX,T,P,XNE,ABROSS,ACCRAD,VTURB, FLXCNV,VCONV,VELSND
 2.64791838E-03   2497.2 2.604E-03 6.245E+05 5.036E-05 1.676E-02 2.000E+05 0.000E+00 0.000E+00 1.258E+07
 3.46189975E-03   2551.6 3.404E-03 9.546E+05 5.892E-05 1.601E-02 2.000E+05 0.000E+00 0.000E+00 1.110E+07
 4.40343637E-03   2599.0 4.331E-03 1.369E+06 6.707E-05 1.537E-02 2.000E+05 0.000E+00 0.000E+00 9.914E+06
 5.51154653E-03   2645.5 5.422E-03 1.910E+06 7.568E-05 1.473E-02 2.000E+05 0.000E+00 9.293E+06 8.929E+06
 6.82526295E-03   2690.2 6.717E-03 2.595E+06 8.476E-05 1.407E-02 2.000E+05 0.000E+00 7.591E+06 8.085E+06
 8.38990452E-03   2736.6 8.260E-03 3.485E+06 9.485E-05 1.356E-02 2.000E+05 0.000E+00 6.221E+06 7.352E+06
 1.02652189E-02   2781.3 1.011E-02 4.590E+06 1.048E-04 1.292E-02 2.000E+05 0.000E+00 4.957E+06 6.699E+06
 1.25413154E-02   2824.2 1.236E-02 5.959E+06 1.147E-04 1.223E-02 2.000E+05 0.000E+00 3.989E+06 6.104E+06
 1.53147875E-02   2869.1 1.510E-02 7.702E+06 1.255E-04 1.171E-02 2.000E+05 0.000E+00 3.232E+06 5.558E+06
 1.87087603E-02   2914.3 1.845E-02 9.886E+06 1.362E-04 1.099E-02 2.000E+05 0.000E+00 2.549E+06 5.052E+06
 2.28955877E-02   2959.1 2.260E-02 1.261E+07 1.468E-04 1.033E-02 2.000E+05 0.000E+00 1.968E+06 4.578E+06
 2.80734788E-02   3004.0 2.772E-02 1.602E+07 1.583E-04 9.910E-03 2.000E+05 0.000E+00 1.509E+06 4.138E+06
 3.45073167E-02   3051.2 3.409E-02 2.033E+07 1.691E-04 9.194E-03 2.000E+05 0.000E+00 1.121E+06 3.731E+06
 4.25775431E-02   3097.9 4.209E-02 2.573E+07 1.791E-04 8.444E-03 2.000E+05 0.000E+00 7.671E+05 3.358E+06
 5.27419409E-02   3142.8 5.217E-02 3.245E+07 1.895E-04 7.989E-03 2.000E+05 0.000E+00 5.089E+05 3.021E+06
 6.55989810E-02   3191.3 6.493E-02 4.101E+07 1.990E-04 7.308E-03 2.000E+05 0.000E+00 3.187E+05 2.720E+06
 8.19995162E-02   3237.9 8.122E-02 5.177E+07 2.074E-04 6.662E-03 2.000E+05 0.000E+00 9.541E+04 2.452E+06
 1.02948048E-01   3281.6 1.020E-01 6.529E+07 2.169E-04 6.296E-03 2.000E+05 0.000E+00 4.852E+04 2.214E+06
 1.29750405E-01   3328.4 1.287E-01 8.255E+07 2.251E-04 5.805E-03 2.000E+05 0.000E+00 2.524E+04 2.004E+06
 1.64391259E-01   3375.4 1.631E-01 1.046E+08 2.315E-04 5.224E-03 2.000E+05 0.000E+00 1.007E+04 1.818E+06
 2.09165931E-01   3418.8 2.077E-01 1.328E+08 2.396E-04 4.848E-03 2.000E+05 0.000E+00 1.957E+03 1.652E+06
 2.66624674E-01   3459.9 2.649E-01 1.685E+08 2.499E-04 4.643E-03 2.000E+05 0.000E+00 0.000E+00 1.503E+06
 3.40433978E-01   3503.2 3.383E-01 2.140E+08 2.580E-04 4.325E-03 2.000E+05 0.000E+00 0.000E+00 1.374E+06
 4.35845416E-01   3545.4 4.334E-01 2.723E+08 2.663E-04 4.033E-03 2.000E+05 0.000E+00 0.000E+00 1.260E+06
 5.58538626E-01   3585.5 5.556E-01 3.465E+08 2.774E-04 3.845E-03 2.000E+05 0.000E+00 0.000E+00 1.160E+06
 7.14933916E-01   3624.5 7.114E-01 4.403E+08 2.914E-04 3.742E-03 2.000E+05 0.000E+00 0.000E+00 1.073E+06
 9.13628660E-01   3664.3 9.093E-01 5.584E+08 3.052E-04 3.620E-03 2.000E+05 0.000E+00 0.000E+00 9.998E+05
 1.16654988E+00   3704.3 1.161E+00 7.075E+08 3.200E-04 3.499E-03 2.000E+05 0.000E+00 0.000E+00 9.379E+05
 1.48715777E+00   3744.6 1.481E+00 8.949E+08 3.378E-04 3.410E-03 2.000E+05 0.000E+00 0.000E+00 8.861E+05
 1.89048460E+00   3785.2 1.883E+00 1.129E+09 3.595E-04 3.351E-03 2.000E+05 0.000E+00 0.000E+00 8.435E+05
 2.39492316E+00   3826.7 2.386E+00 1.419E+09 3.837E-04 3.299E-03 2.000E+05 0.000E+00 0.000E+00 8.089E+05
 3.02455670E+00   3869.1 3.013E+00 1.778E+09 4.103E-04 3.235E-03 2.000E+05 0.000E+00 0.000E+00 7.811E+05
 3.80843758E+00   3912.5 3.795E+00 2.222E+09 4.403E-04 3.178E-03 2.000E+05 0.000E+00 0.000E+00 7.589E+05
 4.77919379E+00   3956.8 4.762E+00 2.767E+09 4.757E-04 3.136E-03 2.000E+05 0.000E+00 0.000E+00 7.415E+05
 5.97425122E+00   4001.9 5.954E+00 3.434E+09 5.164E-04 3.111E-03 2.000E+05 0.000E+00 0.000E+00 7.281E+05
 7.44018632E+00   4047.9 7.415E+00 4.247E+09 5.620E-04 3.087E-03 2.000E+05 0.000E+00 0.000E+00 7.179E+05
 9.23290171E+00   4095.0 9.202E+00 5.235E+09 6.140E-04 3.056E-03 2.000E+05 0.000E+00 0.000E+00 7.104E+05
 1.14168082E+01   4142.9 1.138E+01 6.435E+09 6.735E-04 3.037E-03 2.000E+05 0.000E+00 0.000E+00 7.050E+05
 1.40642092E+01   4191.6 1.402E+01 7.885E+09 7.429E-04 3.053E-03 2.000E+05 0.000E+00 0.000E+00 7.014E+05
 1.72584473E+01   4241.4 1.720E+01 9.633E+09 8.224E-04 3.086E-03 2.000E+05 0.000E+00 0.000E+00 6.992E+05
 2.11002760E+01   4292.6 2.103E+01 1.174E+10 9.131E-04 3.117E-03 2.000E+05 0.000E+00 0.000E+00 6.982E+05
 2.57082775E+01   4344.7 2.563E+01 1.428E+10 1.017E-03 3.151E-03 2.000E+05 0.000E+00 0.000E+00 6.980E+05
 3.12103953E+01   4397.6 3.111E+01 1.734E+10 1.139E-03 3.227E-03 2.000E+05 0.000E+00 0.000E+00 6.986E+05
 3.77449058E+01   4452.4 3.762E+01 2.103E+10 1.282E-03 3.361E-03 2.000E+05 0.000E+00 0.000E+00 6.998E+05
 4.54769254E+01   4510.2 4.533E+01 2.551E+10 1.446E-03 3.508E-03 2.000E+05 0.000E+00 0.000E+00 7.016E+05
 5.46004147E+01   4571.1 5.442E+01 3.099E+10 1.637E-03 3.675E-03 2.000E+05 0.000E+00 0.000E+00 7.039E+05
 6.52872695E+01   4636.0 6.507E+01 3.778E+10 1.874E-03 3.952E-03 2.000E+05 0.000E+00 0.000E+00 7.065E+05
 7.77021596E+01   4707.1 7.743E+01 4.636E+10 2.157E-03 4.269E-03 2.000E+05 0.000E+00 0.000E+00 7.097E+05
 9.20351308E+01   4784.7 9.170E+01 5.750E+10 2.503E-03 4.650E-03 2.000E+05 0.000E+00 0.000E+00 7.130E+05
 1.08310144E+02   4871.7 1.079E+02 7.253E+10 2.978E-03 5.282E-03 2.000E+05 0.000E+00 0.000E+00 7.167E+05
 1.26361337E+02   4970.5 1.258E+02 9.378E+10 3.619E-03 6.122E-03 2.000E+05 0.000E+00 0.000E+00 7.207E+05
 1.45827423E+02   5083.4 1.452E+02 1.254E+11 4.561E-03 7.409E-03 2.000E+05 0.000E+00 0.000E+00 7.246E+05
 1.66007804E+02   5213.4 1.652E+02 1.747E+11 5.988E-03 9.373E-03 2.000E+05 0.000E+00 0.000E+00 7.284E+05
 1.86116801E+02   5362.1 1.851E+02 2.547E+11 8.179E-03 1.234E-02 2.000E+05 2.157E-07 0.000E+00 7.314E+05
 2.05160687E+02   5534.2 2.038E+02 3.906E+11 1.188E-02 1.750E-02 2.000E+05 6.968E-05 1.242E+01 7.332E+05
 2.22184551E+02   5733.9 2.205E+02 6.298E+11 1.820E-02 2.627E-02 2.000E+05 5.620E-03 8.153E+01 7.332E+05
 2.36517919E+02   5966.5 2.344E+02 1.067E+12 2.981E-02 4.268E-02 2.000E+05 4.669E-01 3.335E+02 7.314E+05
 2.47800930E+02   6236.9 2.450E+02 1.884E+12 5.220E-02 7.471E-02 2.000E+05 6.293E+01 1.373E+03 7.292E+05
 2.55981907E+02   6557.9 2.523E+02 3.491E+12 1.004E-01 1.452E-01 2.000E+05 1.633E+04 6.583E+03 7.299E+05
 2.61359282E+02   6932.7 2.566E+02 6.648E+12 2.126E-01 3.136E-01 2.000E+05 1.698E+06 3.902E+04 7.381E+05
 2.64509696E+02   7379.3 2.581E+02 1.297E+13 5.076E-01 7.610E-01 2.000E+05 4.420E+07 1.713E+05 7.600E+05
 2.66196253E+02   7877.2 2.578E+02 2.419E+13 1.264E+00 1.631E+00 2.000E+05 4.750E+08 4.838E+05 8.010E+05
 2.67242610E+02   8257.6 2.569E+02 3.569E+13 2.361E+00 1.950E+00 2.000E+05 1.401E+09 1.039E+06 8.460E+05
 2.68111613E+02   8508.6 2.563E+02 4.418E+13 3.394E+00 1.646E+00 2.000E+05 2.200E+09 1.207E+06 8.829E+05
 2.68975422E+02   8696.8 2.558E+02 5.065E+13 4.322E+00 1.418E+00 2.000E+05 2.616E+09 1.286E+06 9.142E+05
 2.69900043E+02   8880.5 2.555E+02 5.677E+13 5.292E+00 1.338E+00 2.000E+05 2.818E+09 1.369E+06 9.472E+05
 2.70924533E+02   9061.2 2.552E+02 6.234E+13 6.266E+00 1.248E+00 2.000E+05 2.946E+09 1.390E+06 9.816E+05
 2.72097800E+02   9244.5 2.548E+02 6.730E+13 7.208E+00 1.387E+00 2.000E+05 2.984E+09 1.507E+06 1.018E+06
 2.73459512E+02   9506.8 2.542E+02 7.286E+13 8.274E+00 1.440E+00 2.000E+05 2.981E+09 1.482E+06 1.070E+06
 2.75089781E+02   9733.5 2.529E+02 7.594E+13 8.835E+00 2.387E+00 2.000E+05 2.816E+09 1.701E+06 1.115E+06
 2.77279666E+02  10643.1 2.467E+02 7.719E+13 8.102E+00 5.305E+00 2.000E+05 1.774E+09 1.758E+06 1.289E+06
 2.81353941E+02  12234.5 2.322E+02 6.566E+13 4.210E+00 3.874E+00 2.000E+05 1.332E+09 7.029E+05 1.596E+06
PRADK 1.0136E+00
BEGIN                    ITERATION  15 COMPLETED
