3500. 0.00000
3500. 0.50000
3500. 1.00000
3500. 1.50000
3500. 2.00000
3500. 2.50000
3500. 3.00000
3500. 3.50000
3500. 4.00000
3500. 4.50000
3500. 5.00000
3750. 0.00000
3750. 0.50000
3750. 1.00000
3750. 1.50000
3750. 2.00000
3750. 2.50000
3750. 3.00000
3750. 3.50000
3750. 4.00000
3750. 4.50000
3750. 5.00000
4000. 0.00000
4000. 0.50000
4000. 1.00000
4000. 1.50000
4000. 2.00000
4000. 2.50000
4000. 3.00000
4000. 3.50000
4000. 4.00000
4000. 4.50000
4000. 5.00000
4250. 0.00000
4250. 0.50000
4250. 1.00000
4250. 1.50000
4250. 2.00000
4250. 2.50000
4250. 3.00000
4250. 3.50000
4250. 4.00000
4250. 4.50000
4250. 5.00000
4500. 0.00000
4500. 0.50000
4500. 1.00000
4500. 1.50000
4500. 2.00000
4500. 2.50000
4500. 3.00000
4500. 3.50000
4500. 4.00000
4500. 4.50000
4500. 5.00000
4750. 0.00000
4750. 0.50000
4750. 1.00000
4750. 1.50000
4750. 2.00000
4750. 2.50000
4750. 3.00000
4750. 3.50000
4750. 4.00000
4750. 4.50000
4750. 5.00000
5000. 0.00000
5000. 0.50000
5000. 1.00000
5000. 1.50000
5000. 2.00000
5000. 2.50000
5000. 3.00000
5000. 3.50000
5000. 4.00000
5000. 4.50000
5000. 5.00000
5250. 0.00000
5250. 0.50000
5250. 1.00000
5250. 1.50000
5250. 2.00000
5250. 2.50000
5250. 3.00000
5250. 3.50000
5250. 4.00000
5250. 4.50000
5250. 5.00000
5500. 0.00000
5500. 0.50000
5500. 1.00000
5500. 1.50000
5500. 2.00000
5500. 2.50000
5500. 3.00000
5500. 3.50000
5500. 4.00000
5500. 4.50000
5500. 5.00000
5750. 0.00000
5750. 0.50000
5750. 1.00000
5750. 1.50000
5750. 2.00000
5750. 2.50000
5750. 3.00000
5750. 3.50000
5750. 4.00000
5750. 4.50000
5750. 5.00000
6000. 0.00000
6000. 0.50000
6000. 1.00000
6000. 1.50000
6000. 2.00000
6000. 2.50000
6000. 3.00000
6000. 3.50000
6000. 4.00000
6000. 4.50000
6000. 5.00000
6250. 0.50000
6250. 1.00000
6250. 1.50000
6250. 2.00000
6250. 2.50000
6250. 3.00000
6250. 3.50000
6250. 4.00000
6250. 4.50000
6250. 5.00000
6500. 0.50000
6500. 1.00000
6500. 1.50000
6500. 2.00000
6500. 2.50000
6500. 3.00000
6500. 3.50000
6500. 4.00000
6500. 4.50000
6500. 5.00000
6750. 0.50000
6750. 1.00000
6750. 1.50000
6750. 2.00000
6750. 2.50000
6750. 3.00000
6750. 3.50000
6750. 4.00000
6750. 4.50000
6750. 5.00000
7000. 0.50000
7000. 1.00000
7000. 1.50000
7000. 2.00000
7000. 2.50000
7000. 3.00000
7000. 3.50000
7000. 4.00000
7000. 4.50000
7000. 5.00000
7250. 0.50000
7250. 1.00000
7250. 1.50000
7250. 2.00000
7250. 2.50000
7250. 3.00000
7250. 3.50000
7250. 4.00000
7250. 4.50000
7250. 5.00000
7500. 0.50000
7500. 1.00000
7500. 1.50000
7500. 2.00000
7500. 2.50000
7500. 3.00000
7500. 3.50000
7500. 4.00000
7500. 4.50000
7500. 5.00000
7750. 1.00000
7750. 1.50000
7750. 2.00000
7750. 2.50000
7750. 3.00000
7750. 3.50000
7750. 4.00000
7750. 4.50000
7750. 5.00000
8000. 1.00000
8000. 1.50000
8000. 2.00000
8000. 2.50000
8000. 3.00000
8000. 3.50000
8000. 4.00000
8000. 4.50000
8000. 5.00000
8250. 1.00000
8250. 1.50000
8250. 2.00000
8250. 2.50000
8250. 3.00000
8250. 3.50000
8250. 4.00000
8250. 4.50000
8250. 5.00000
8500. 1.50000
8500. 2.00000
8500. 2.50000
8500. 3.00000
8500. 3.50000
8500. 4.00000
8500. 4.50000
8500. 5.00000
8750. 1.50000
8750. 2.00000
8750. 2.50000
8750. 3.00000
8750. 3.50000
8750. 4.00000
8750. 4.50000
8750. 5.00000
9000. 1.50000
9000. 2.00000
9000. 2.50000
9000. 3.00000
9000. 3.50000
9000. 4.00000
9000. 4.50000
9000. 5.00000
9250. 2.00000
9250. 2.50000
9250. 3.00000
9250. 3.50000
9250. 4.00000
9250. 4.50000
9250. 5.00000
9500. 2.00000
9500. 2.50000
9500. 3.00000
9500. 3.50000
9500. 4.00000
9500. 4.50000
9500. 5.00000
9750. 2.00000
9750. 2.50000
9750. 3.00000
9750. 3.50000
9750. 4.00000
9750. 4.50000
9750. 5.00000
10000. 2.00000
10000. 2.50000
10000. 3.00000
10000. 3.50000
10000. 4.00000
10000. 4.50000
10000. 5.00000
10250. 2.00000
10250. 2.50000
10250. 3.00000
10250. 3.50000
10250. 4.00000
10250. 4.50000
10250. 5.00000
10500. 2.00000
10500. 2.50000
10500. 3.00000
10500. 3.50000
10500. 4.00000
10500. 4.50000
10500. 5.00000
10750. 2.00000
10750. 2.50000
10750. 3.00000
10750. 3.50000
10750. 4.00000
10750. 4.50000
10750. 5.00000
11000. 2.00000
11000. 2.50000
11000. 3.00000
11000. 3.50000
11000. 4.00000
11000. 4.50000
11000. 5.00000
11250. 2.00000
11250. 2.50000
11250. 3.00000
11250. 3.50000
11250. 4.00000
11250. 4.50000
11250. 5.00000
11500. 2.00000
11500. 2.50000
11500. 3.00000
11500. 3.50000
11500. 4.00000
11500. 4.50000
11500. 5.00000
11750. 2.00000
11750. 2.50000
11750. 3.00000
11750. 3.50000
11750. 4.00000
11750. 4.50000
11750. 5.00000
12000. 2.50000
12000. 3.00000
12000. 3.50000
12000. 4.00000
12000. 4.50000
12000. 5.00000
12250. 2.50000
12250. 3.00000
12250. 3.50000
12250. 4.00000
12250. 4.50000
12250. 5.00000
12500. 2.50000
12500. 3.00000
12500. 3.50000
12500. 4.00000
12500. 4.50000
12500. 5.00000
12750. 2.50000
12750. 3.00000
12750. 3.50000
12750. 4.00000
12750. 4.50000
12750. 5.00000
13000. 2.50000
13000. 3.00000
13000. 3.50000
13000. 4.00000
13000. 4.50000
13000. 5.00000
14000. 2.00000
14000. 2.50000
14000. 3.00000
14000. 3.50000
14000. 4.00000
14000. 4.50000
14000. 5.00000
15000. 2.50000
15000. 3.00000
15000. 3.50000
15000. 4.00000
15000. 4.50000
15000. 5.00000
16000. 2.50000
16000. 3.00000
16000. 3.50000
16000. 4.00000
16000. 4.50000
16000. 5.00000
17000. 2.50000
17000. 3.00000
17000. 3.50000
17000. 4.00000
17000. 4.50000
17000. 5.00000
18000. 2.50000
18000. 3.00000
18000. 3.50000
18000. 4.00000
18000. 4.50000
18000. 5.00000
19000. 2.50000
19000. 3.00000
19000. 3.50000
19000. 4.00000
19000. 4.50000
19000. 5.00000
20000. 3.00000
20000. 3.50000
20000. 4.00000
20000. 4.50000
20000. 5.00000
21000. 3.00000
21000. 3.50000
21000. 4.00000
21000. 4.50000
21000. 5.00000
22000. 3.00000
22000. 3.50000
22000. 4.00000
22000. 4.50000
22000. 5.00000
23000. 3.00000
23000. 3.50000
23000. 4.00000
23000. 4.50000
23000. 5.00000
24000. 3.00000
24000. 3.50000
24000. 4.00000
24000. 4.50000
24000. 5.00000
25000. 3.00000
25000. 3.50000
25000. 4.00000
25000. 4.50000
25000. 5.00000
26000. 3.00000
26000. 3.50000
26000. 4.00000
26000. 4.50000
26000. 5.00000
27000. 3.50000
27000. 4.00000
27000. 4.50000
27000. 5.00000
28000. 3.50000
28000. 4.00000
28000. 4.50000
28000. 5.00000
29000. 3.50000
29000. 4.00000
29000. 4.50000
29000. 5.00000
30000. 3.50000
30000. 4.00000
30000. 4.50000
30000. 5.00000
31000. 3.50000
31000. 4.00000
31000. 4.50000
31000. 5.00000
32000. 4.00000
32000. 4.50000
32000. 5.00000
33000. 4.00000
33000. 4.50000
33000. 5.00000
34000. 4.00000
34000. 4.50000
34000. 5.00000
35000. 4.00000
35000. 4.50000
35000. 5.00000
36000. 4.00000
36000. 4.50000
36000. 5.00000
37000. 4.00000
37000. 4.50000
37000. 5.00000
38000. 4.00000
38000. 4.50000
38000. 5.00000
39000. 4.00000
39000. 4.50000
39000. 5.00000
40000. 4.50000
40000. 5.00000
41000. 4.50000
41000. 5.00000
42000. 4.50000
42000. 5.00000
43000. 4.50000
43000. 5.00000
44000. 4.50000
44000. 5.00000
45000. 5.00000
45000. 5.00000
46000. 4.50000
46000. 5.00000
47000. 4.50000
47000. 5.00000
48000. 4.50000
48000. 5.00000
49000. 4.50000
49000. 5.00000
50000. 5.00000
